0.402667
1.005667
1.529333
2.081000
2.626333
3.179667
3.771000
4.330667
4.904000
5.494667
6.016333
6.583333
7.157667
7.850667
8.313000
8.829333
9.374667
9.940333
10.483667
11.022667
11.600667
12.127667
12.675333
13.253667
13.840333
14.399667
14.958000
15.482667
16.046333
16.540667
17.125667
17.666333
18.243333
18.744000
19.346333
19.990333
20.561000
21.065333
21.654000
22.255667
22.830000
23.422000
23.962667
24.511333
25.082333
25.716333
26.260333
26.796667
27.331000
27.893000
28.438333
28.968667
29.516667
