0.208667
0.789000
1.347667
1.878667
2.413000
2.995333
3.587333
4.132333
4.675667
5.245667
5.807333
6.334667
6.859000
7.474667
8.045667
8.630667
9.169000
9.708000
10.292333
10.830667
11.393333
11.937000
12.542667
13.096333
13.655333
14.198000
14.766000
15.348667
15.933333
16.488667
17.054667
17.607667
18.152667
18.722667
19.293667
19.837667
20.404333
20.955667
21.528000
22.085667
22.636333
23.188000
23.761000
24.299333
24.826000
25.408000
25.984000
26.516000
27.067333
27.641000
28.229333
28.772000
29.347000
29.901667
