0.269000
0.820000
1.408333
1.968333
2.546333
3.110000
3.658000
4.255000
4.821333
5.414333
5.975000
6.518000
7.138333
7.745000
8.298667
8.881667
9.445000
10.032667
10.629000
11.247667
11.794333
12.345333
12.908667
13.485667
14.047667
14.621333
15.152667
15.727333
16.317333
16.905333
17.485333
18.048000
18.642000
19.215333
19.772000
20.352000
20.922000
21.528667
22.075333
22.643333
23.250000
23.839000
24.435333
24.987333
25.565333
26.156000
26.731667
27.320333
27.902000
28.465667
28.998000
29.595333
