0.246667
0.816667
1.390000
1.969667
2.560000
3.106667
3.693333
4.263333
4.853333
5.395000
5.960000
6.554667
7.136667
7.730000
8.330000
8.892333
9.471667
10.025667
10.593667
11.165000
11.776667
12.313333
12.887000
13.477000
14.050000
14.642667
15.233333
15.770333
16.357000
16.938667
17.520333
18.077000
18.627333
19.232000
19.829000
20.384000
20.963667
21.544000
22.112333
22.678000
23.273333
23.848000
24.400000
24.986667
25.563667
26.130667
26.727000
27.286333
27.850667
28.446333
29.001000
29.582667
