0.551333
1.126000
1.709667
2.279667
2.842667
3.399667
3.992667
4.549667
5.119667
5.709333
6.295667
6.882333
7.422667
8.001333
8.603333
9.173000
9.764000
10.313667
10.875667
11.449333
12.042333
12.580667
13.149667
13.749000
14.335333
14.922667
15.486333
16.062667
16.619667
17.186333
17.779667
18.353000
18.946000
19.506000
20.067000
20.646667
21.211667
21.799667
22.366333
22.938333
23.543000
24.117000
24.709667
25.259000
25.858000
26.392000
27.003333
27.557667
28.136333
28.683000
29.239667
29.844667
