0.269333
0.706000
1.159333
1.652667
2.052667
2.486000
2.912667
3.392667
3.846000
4.336000
4.784333
5.229333
5.676000
6.109667
6.560000
7.032667
7.496000
7.936000
8.396333
8.829333
9.259333
9.716667
10.169333
10.616000
11.062667
11.509333
11.959333
12.392667
12.839333
13.293000
13.749333
14.182667
14.632667
15.096000
15.549333
15.992667
16.429333
16.866000
17.332333
17.786000
18.239333
18.696000
19.142667
19.592667
20.024000
20.456000
20.892667
21.359333
21.812667
22.263000
22.719333
23.159333
23.619667
24.066000
24.506000
24.952667
25.376000
25.832667
26.281000
26.719333
27.186333
27.626000
28.062667
28.536000
28.953000
29.406333
29.849333
