0.143000
0.554333
0.984000
1.477333
1.940667
2.393667
2.860667
3.290667
3.717333
4.147000
4.629333
5.107000
5.530333
5.970667
6.447000
6.900667
7.360333
7.803667
8.240667
8.687000
9.110667
9.567000
10.024000
10.457333
10.897000
11.373667
11.834000
12.262667
12.714000
13.177333
13.640667
14.074000
14.497333
14.942000
15.410667
15.847333
16.301000
16.757333
17.210667
17.651000
18.084000
18.533667
19.015667
19.467333
19.890333
20.355667
20.784000
21.249667
21.683667
22.144000
22.579000
23.026333
23.463667
23.917333
24.350667
24.794000
25.244000
25.693667
26.154000
26.610333
27.051333
27.490333
27.947333
28.393667
28.860667
29.290333
29.744000
