0.206333
0.754333
1.319000
1.907333
2.467333
3.052333
3.610667
4.207667
4.788333
5.370667
5.919000
6.485333
7.074000
7.653667
8.214333
8.818000
9.401333
9.962333
10.527667
11.132333
11.731333
12.284667
12.847667
13.428667
14.017667
14.564667
15.141667
15.728000
16.317667
16.897667
17.455000
18.044667
18.617333
19.210667
19.787667
20.361000
20.954000
21.551333
22.154333
22.710667
23.300667
23.834667
24.422000
25.007667
25.554333
26.114333
26.715667
27.277333
27.864333
28.413000
28.997333
29.564333
