0.342333
0.914333
1.507333
2.061000
2.633333
3.225667
3.824000
4.400333
4.960000
5.536667
6.107333
6.712333
7.267333
7.851000
8.400667
8.990667
9.582000
10.167667
10.724000
11.328333
11.894333
12.497667
13.057333
13.602333
14.180667
14.764000
15.336000
15.915333
16.481000
17.053333
17.637667
18.201000
18.802667
19.390667
19.963000
20.518000
21.081000
21.678667
22.277333
22.812000
23.397667
23.965667
24.538667
25.150667
25.728000
26.304667
26.867000
27.467667
28.026000
28.587333
29.157000
29.737333
