0.520667
1.118667
1.675000
2.287667
2.855000
3.448000
3.999667
4.567667
5.185000
5.745000
6.305000
6.878333
7.461667
8.061333
8.598333
9.167000
9.743333
10.300000
10.901000
11.471667
12.072000
12.661667
13.217000
13.777000
14.412333
14.981667
15.536667
16.095000
16.688333
17.275667
17.861667
18.440333
18.988333
19.578333
20.125333
20.694333
21.291667
21.866667
22.445333
23.031667
23.575333
24.164333
24.770333
25.315333
25.885333
26.469333
27.066667
27.632667
28.203667
28.785667
29.394000
29.965333
