0.032667
0.498000
0.980667
1.463667
1.953667
2.394667
2.828333
3.323000
3.798333
4.283667
4.743333
5.237000
5.697000
6.188000
6.638333
7.122667
7.575333
8.056000
8.550667
9.037667
9.525000
9.968333
10.449000
10.910333
11.323667
11.806000
12.322333
12.799000
13.293667
13.757000
14.177667
14.670333
15.119667
15.611667
16.098333
16.563000
17.041333
17.502000
17.985667
18.465333
18.925333
19.369333
19.885333
20.351000
20.810333
21.284000
21.746667
22.225667
22.697000
23.215000
23.655333
24.156667
24.617333
25.076000
25.520000
25.971667
26.502000
27.006333
27.463333
27.922333
28.386000
28.818000
29.298000
29.766667
