0.010333
0.473667
0.945000
1.421333
1.890333
2.378333
2.845333
3.333333
3.818333
4.291333
4.759333
5.228333
5.694000
6.171000
6.647333
7.138667
7.606667
8.078333
8.551667
9.017333
9.469333
9.949000
10.403000
10.897000
11.351333
11.837333
12.306333
12.764667
13.243000
13.728667
14.206667
14.668333
15.142667
15.609667
16.077000
16.558000
17.039333
17.529000
17.999333
18.478667
18.969667
19.436000
19.895667
20.368333
20.832667
21.297333
21.763000
22.240333
22.704667
23.179333
23.646000
24.114667
24.609000
25.084667
25.568000
26.030333
26.513667
26.981000
27.433667
27.916000
28.387000
28.860000
29.332667
29.786667
