0.332000
0.793333
1.284667
1.761000
2.259667
2.738333
3.215333
3.670333
4.119667
4.588000
5.066667
5.556333
6.038000
6.485667
6.945000
7.410333
7.897000
8.354333
8.837333
9.289333
9.765333
10.263667
10.727667
11.222000
11.707000
12.152667
12.628000
13.112000
13.599333
14.042333
14.488333
14.972667
15.439000
15.923000
16.412667
16.888333
17.361667
17.826333
18.310667
18.783333
19.248667
19.694333
20.174000
20.661333
21.133333
21.580333
22.056000
22.546000
23.015333
23.436000
23.918667
24.430667
24.913333
25.360000
25.833333
26.307000
26.775667
27.243333
27.759000
28.221667
28.708000
29.152333
29.622333
