0.037000
0.515333
0.969333
1.445333
1.946333
2.425667
2.901000
3.372000
3.865333
4.327667
4.790667
5.270000
5.743000
6.173000
6.655667
7.124667
7.606333
8.068333
8.546000
9.010667
9.471000
9.954333
10.434333
10.876000
11.354000
11.806667
12.296333
12.787667
13.253667
13.694000
14.164667
14.656333
15.135000
15.611000
16.088333
16.563333
17.043667
17.545000
18.026667
18.489000
18.964667
19.430000
19.903000
20.378333
20.820000
21.280333
21.742000
22.218000
22.709667
23.193333
23.671000
24.148000
24.625667
25.093333
25.565000
26.030000
26.495000
26.940667
27.427333
27.900333
28.390667
28.827000
29.319667
29.810000
