0.447333
0.899667
1.383667
1.864667
2.334667
2.830667
3.310000
3.793000
4.264667
4.745000
5.186333
5.648000
6.112667
6.606000
7.078000
7.541333
8.026000
8.529333
9.011333
9.476333
9.953333
10.428000
10.883333
11.356333
11.828000
12.301333
12.763333
13.239000
13.705333
14.178000
14.645333
15.114667
15.587667
16.073667
16.544333
17.011667
17.490333
17.974667
18.444000
18.911667
19.375333
19.878667
20.345000
20.801333
21.258000
21.745000
22.214667
22.696333
23.133000
23.601333
24.099333
24.574000
25.068000
25.542667
26.014000
26.482333
26.941667
27.423333
27.936333
28.402000
28.863000
29.324333
29.787000
