0.107333
0.596333
1.089000
1.554333
2.033000
2.517333
2.982333
3.467667
3.947667
4.451000
4.902333
5.354333
5.829667
6.297667
6.761333
7.237667
7.717000
8.201000
8.684667
9.154667
9.627667
10.105667
10.577667
11.041000
11.534333
12.017667
12.455333
12.925333
13.402333
13.878667
14.350333
14.816333
15.306667
15.785667
16.253333
16.726333
17.234333
17.721000
18.184667
18.658000
19.111333
19.554333
20.010000
20.464333
20.930667
21.401000
21.875000
22.355000
22.824667
23.295000
23.768000
24.251333
24.711333
25.187667
25.651333
26.111000
26.581333
27.072000
27.559000
28.017000
28.486667
28.973000
29.430333
29.903000
