0.122333
0.605000
1.051333
1.548000
2.028000
2.511667
2.971667
3.432000
3.944000
4.428667
4.888333
5.358000
5.839000
6.314667
6.778000
7.239667
7.708333
8.181000
8.651333
9.115333
9.591667
10.056667
10.539333
11.014667
11.478333
11.985000
12.456333
12.898333
13.378000
13.854667
14.338333
14.825000
15.275333
15.748000
16.261667
16.743000
17.195333
17.662000
18.143667
18.614667
19.082000
19.556333
20.008000
20.511667
20.966667
21.430333
21.901000
22.371000
22.844667
23.296333
23.765000
24.256667
24.749333
25.220667
25.688000
26.169333
26.636667
27.104333
27.561667
28.033000
28.484667
28.950333
29.426333
29.907000
