0.135333
0.531333
1.004667
1.451333
1.861333
2.314667
2.724667
3.139667
3.601333
4.041333
4.437000
4.897333
5.357667
5.761333
6.181333
6.598000
7.002000
7.451333
7.891333
8.297333
8.744000
9.186667
9.596333
10.017667
10.424333
10.834667
11.319333
11.737333
12.160667
12.620667
13.061000
13.474000
13.914333
14.348000
14.771000
15.211000
15.654333
16.054333
16.491000
16.924000
17.331000
17.757667
18.171000
18.571000
19.044667
19.464333
19.884000
20.303000
20.714667
21.161000
21.580333
22.000667
22.420667
22.897333
23.341000
23.757333
24.241000
24.677333
25.064000
25.488000
25.950667
26.364000
26.801667
27.234000
27.632000
28.047333
28.492667
28.877333
29.347333
29.780667
