0.223333
0.642000
1.083667
1.540667
1.969000
2.380333
2.813333
3.220333
3.657333
4.093667
4.520000
4.940000
5.383333
5.820667
6.263333
6.699667
7.103333
7.503333
7.930000
8.358000
8.758333
9.233333
9.656667
10.063667
10.509000
10.946667
11.320333
11.783667
12.175000
12.579667
13.080667
13.526667
13.953667
14.393000
14.820333
15.227333
15.666333
16.106667
16.493333
16.944000
17.360000
17.788333
18.226667
18.640000
19.033333
19.533333
19.939667
20.367333
20.811000
21.243000
21.673000
22.096667
22.523000
22.916333
23.369667
23.780000
24.176333
24.646333
25.096667
25.537000
25.979667
26.396333
26.776333
27.193333
27.631000
28.046333
28.476333
28.911667
29.333667
29.806667
