0.297667
0.707000
1.167667
1.570667
2.014000
2.479333
2.890667
3.312333
3.764333
4.176000
4.600667
5.023667
5.451000
5.867333
6.289000
6.704333
7.154000
7.630333
8.027333
8.431000
8.904000
9.300667
9.730667
10.197333
10.617000
11.013000
11.440667
11.834000
12.234000
12.710667
13.140667
13.520667
13.987333
14.403667
14.797667
15.270667
15.700333
16.100333
16.557667
16.984333
17.404000
17.830667
18.254000
18.734000
19.190333
19.640667
20.083000
20.507000
20.917000
21.314000
21.757333
22.160333
22.574000
23.027000
23.457333
23.910667
24.364000
24.780333
25.197000
25.604000
26.022333
26.435667
26.880333
27.290333
27.697333
28.150667
28.590667
29.017000
29.461333
29.903667
