0.069000
0.537000
1.013333
1.497000
1.980333
2.454333
2.920333
3.440333
3.913333
4.387667
4.869333
5.328333
5.860667
6.314000
6.817000
7.284000
7.770333
8.273333
8.744333
9.244000
9.740333
10.197333
10.689000
11.183667
11.672667
12.143667
12.610667
13.090333
13.616333
14.069333
14.593333
15.064000
15.535333
15.991000
16.466000
16.976667
17.451333
17.924667
18.416333
18.914000
19.406667
19.880667
20.334333
20.843000
21.342667
21.807333
22.257333
22.780333
23.267333
23.764000
24.253667
24.745000
25.214667
25.707333
26.164000
26.660667
27.154333
27.630667
28.091333
28.589667
29.074000
29.564667
