0.354333
0.837333
1.328000
1.800667
2.290333
2.787667
3.269333
3.744000
4.234000
4.708667
5.187667
5.680667
6.140667
6.647667
7.134333
7.602333
8.074000
8.525333
9.036000
9.524000
10.004000
10.471000
10.931000
11.437333
11.921000
12.410667
12.914000
13.424333
13.921000
14.379667
14.892000
15.354333
15.844333
16.327333
16.806667
17.294000
17.767667
18.250667
18.775667
19.263000
19.724000
20.191000
20.690667
21.151000
21.631000
22.145333
22.637333
23.126000
23.585333
24.074667
24.553333
25.034333
25.503333
26.014333
26.512333
26.980667
27.464000
27.960667
28.441333
28.911000
29.387333
29.901333
