0.156667
0.643333
1.153333
1.695000
2.183333
2.656333
3.160000
3.713333
4.206667
4.706667
5.220000
5.753333
6.233333
6.713000
7.201000
7.703000
8.180000
8.687000
9.200000
9.739667
10.210000
10.696667
11.206667
11.730000
12.213333
12.673333
13.146667
13.630000
14.106667
14.643333
15.146667
15.653333
16.185000
16.676667
17.154000
17.670000
18.166667
18.686667
19.200333
19.696333
20.212000
20.693333
21.190000
21.686667
22.133333
22.650000
23.166667
23.669667
24.144000
24.646667
25.153333
25.646667
26.140000
26.660000
27.177667
27.666000
28.170000
28.650000
29.130000
29.646667
