0.233667
0.750333
1.257333
1.786667
2.234000
2.751000
3.224000
3.747000
4.267000
4.734000
5.217333
5.697000
6.207333
6.767000
7.270667
7.720333
8.227000
8.720333
9.213667
9.712000
10.207333
10.729000
11.250333
11.753667
12.253667
12.790333
13.230333
13.746667
14.220333
14.702333
15.214000
15.730667
16.230333
16.730667
17.217000
17.717000
18.204000
18.737000
19.255000
19.714333
20.207667
20.717333
21.237333
21.727000
22.212333
22.687000
23.189333
23.713667
24.193667
24.690667
25.207333
25.740333
26.217000
26.703667
27.184000
27.670333
28.170333
28.683667
29.184000
29.710333
