0.373333
0.932667
1.480000
2.033333
2.607000
3.177333
3.734667
4.301667
4.869333
5.475333
6.038000
6.601667
7.115333
7.682333
8.258000
8.805333
9.366000
9.909667
10.460667
11.024000
11.559333
12.113667
12.672667
13.238000
13.802667
14.390333
14.957667
15.512667
16.055000
16.623333
17.195333
17.742333
18.305333
18.870000
19.420333
20.009667
20.545000
21.123667
21.658333
22.131667
22.709333
23.248333
23.836333
24.353333
24.944333
25.556667
26.114667
26.642000
27.240000
27.818333
28.387667
28.970667
29.517667
