0.083000
0.595333
1.122667
1.682667
2.250333
2.787000
3.381000
3.890333
4.459000
4.987333
5.581667
6.158667
6.723000
7.262000
7.799000
8.337667
8.912000
9.437667
9.987667
10.475000
11.114333
11.730667
12.293333
12.815333
13.442667
14.018333
14.576667
15.165667
15.712000
16.243000
16.824667
17.433000
17.990000
18.502333
19.083333
19.670667
20.203667
20.742667
21.277000
21.871000
22.451667
22.984667
23.583667
24.141333
24.674000
25.222000
25.788667
26.270667
26.862333
27.400333
27.967333
28.480333
29.092667
29.697667
