0.529667
1.101000
1.679333
2.247333
2.843333
3.421333
3.984333
4.577000
5.119000
5.709333
6.290667
6.851000
7.421000
7.984333
8.564333
9.166333
9.743000
10.270667
10.877333
11.457333
12.030667
12.609333
13.184000
13.774333
14.337667
14.896667
15.461000
16.049667
16.630667
17.199667
17.789000
18.365333
18.967333
19.491667
20.080667
20.632000
21.232333
21.806000
22.416667
22.949667
23.524333
24.093667
24.687333
25.251000
25.844667
26.415000
27.007000
27.544333
28.100333
28.709667
29.314333
29.884333
