0.254000
0.822667
1.373333
1.972667
2.533000
3.102667
3.666000
4.226000
4.795333
5.368333
5.921667
6.480333
7.063667
7.646000
8.255667
8.803000
9.412667
10.002333
10.599333
11.182667
11.749667
12.312667
12.899000
13.505667
14.099000
14.686000
15.254333
15.812333
16.399333
16.966000
17.513000
18.102667
18.679333
19.212667
19.767000
20.362667
20.950333
21.532667
22.089000
22.644667
23.239000
23.819333
24.365667
24.929333
25.512667
26.089333
26.682333
27.259333
27.844000
28.418667
28.992667
29.559333
