0.359000
0.783667
1.233333
1.673000
2.123333
2.576667
3.023333
3.463000
3.893667
4.340000
4.773333
5.223333
5.680000
6.119667
6.553333
7.020000
7.480000
7.933333
8.390333
8.840000
9.293667
9.713333
10.160000
10.623333
11.089667
11.523333
12.003333
12.439667
12.865667
13.325333
13.773000
14.210000
14.667000
15.117000
15.566667
15.993667
16.453333
16.939667
17.393333
17.819667
18.283333
18.723333
19.156667
19.600000
20.046667
20.493333
20.936667
21.390000
21.830000
22.268333
22.720000
23.166667
23.600000
24.047667
24.490000
24.956667
25.406667
25.896667
26.373667
26.809667
27.239667
27.676333
28.143333
28.573333
29.020000
29.446667
29.880000
