0.255667
0.707333
1.156333
1.598667
2.049667
2.496333
2.921000
3.365333
3.813000
4.286000
4.746333
5.206333
5.635000
6.089000
6.539667
6.985333
7.449000
7.896333
8.352333
8.801333
9.236000
9.649667
10.092667
10.543000
11.005333
11.423000
11.882667
12.322667
12.787667
13.259000
13.712333
14.158667
14.596000
15.058667
15.516000
15.976000
16.418000
16.855667
17.309333
17.739000
18.186667
18.659667
19.116000
19.569667
20.015667
20.449333
20.889333
21.326000
21.769000
22.239000
22.702000
23.145667
23.602667
24.039667
24.499333
24.972000
25.418667
25.832333
26.280000
26.726333
27.162667
27.639333
28.112667
28.559000
28.999000
29.422667
29.849000
