0.035000
0.485000
0.918667
1.381667
1.818333
2.285000
2.721667
3.182000
3.625000
4.078667
4.538667
5.008333
5.468333
5.954667
6.371667
6.805333
7.234667
7.711667
8.152000
8.585333
9.025000
9.492000
9.942000
10.383333
10.828333
11.298333
11.745000
12.174667
12.625000
13.064667
13.518333
13.965000
14.414667
14.865333
15.298333
15.735000
16.201333
16.678667
17.098000
17.567333
18.002667
18.468333
18.897000
19.341333
19.781667
20.218667
20.675000
21.115333
21.565000
22.008667
22.452000
22.911667
23.355333
23.785000
24.228667
24.688333
25.148667
25.595333
26.058667
26.514667
26.975667
27.425000
27.875000
28.321333
28.768667
29.218667
29.653333
