0.205000
0.648333
1.095000
1.522000
2.002000
2.468333
2.925000
3.372000
3.821667
4.278667
4.715333
5.182333
5.638333
6.075000
6.525333
6.955333
7.429000
7.865000
8.318333
8.768333
9.208333
9.638667
10.065333
10.535000
11.012000
11.455000
11.895000
12.379667
12.811667
13.248333
13.708333
14.149333
14.585000
15.051667
15.478333
15.918333
16.358333
16.831667
17.285000
17.735000
18.172000
18.622000
19.082000
19.545000
19.981667
20.418333
20.855000
21.310000
21.748667
22.185000
22.642667
23.111667
23.545333
23.988333
24.432000
24.915333
25.345000
25.792000
26.258333
26.705333
27.165333
27.605000
28.038667
28.455333
28.901667
29.357000
29.815000
