0.394000
0.976333
1.543667
2.114333
2.698000
3.287667
3.847667
4.391333
4.974667
5.587667
6.131333
6.667667
7.253000
7.832333
8.457000
8.993000
9.584333
10.144000
10.709000
11.345333
11.908000
12.487333
13.039000
13.614333
14.196667
14.777667
15.358000
15.917667
16.498333
17.074333
17.661000
18.250667
18.824667
19.394333
19.960333
20.571000
21.124000
21.720000
22.258000
22.857667
23.399333
23.982667
24.570333
25.162333
25.730333
26.321000
26.894667
27.497333
28.044333
28.624667
29.174333
29.778000
