0.198000
0.663000
1.121667
1.583667
2.087667
2.549000
3.015667
3.476333
3.933000
4.399667
4.865667
5.388000
5.870667
6.339667
6.781333
7.263667
7.741333
8.197667
8.673000
9.141000
9.619000
10.086667
10.568333
11.026667
11.506333
11.988000
12.436000
12.908333
13.406000
13.888667
14.374333
14.857000
15.296667
15.766000
16.256333
16.725000
17.183000
17.662667
18.126667
18.615667
19.072000
19.544333
20.025333
20.488667
20.968333
21.447000
21.922333
22.374333
22.854667
23.355000
23.817333
24.298667
24.747333
25.222333
25.700000
26.192000
26.669667
27.129000
27.582000
28.061333
28.548333
29.007333
29.468333
29.948000
