0.183667
0.666000
1.140000
1.628667
2.095667
2.565000
3.025667
3.478667
3.962000
4.425667
4.901667
5.385667
5.854000
6.333333
6.813667
7.291000
7.759667
8.216667
8.673667
9.163667
9.656333
10.124333
10.568333
11.091667
11.598000
12.039000
12.467333
12.931333
13.407667
13.890667
14.350667
14.846333
15.354667
15.827333
16.276333
16.739000
17.243333
17.706667
18.161667
18.632667
19.102667
19.571667
20.066000
20.524000
20.994000
21.475333
21.957000
22.389667
22.879000
23.355667
23.837000
24.325000
24.785333
25.251667
25.704333
26.178333
26.659667
27.150667
27.634000
28.085333
28.572667
29.051000
29.513667
29.964000
