0.325333
0.803000
1.263000
1.726000
2.204333
2.682333
3.181000
3.616667
4.092667
4.579667
5.046000
5.524333
5.984333
6.466667
6.937000
7.438667
7.901333
8.350333
8.837000
9.317000
9.798667
10.294667
10.777333
11.217333
11.662333
12.131667
12.597667
13.088667
13.561000
14.015333
14.510667
14.997000
15.471333
15.932333
16.422333
16.893667
17.330333
17.822667
18.294000
18.767667
19.248667
19.710333
20.188333
20.678667
21.131667
21.593000
22.052333
22.554333
23.021667
23.491000
23.942333
24.426000
24.917667
25.355000
25.829000
26.301000
26.778000
27.296000
27.764000
28.248333
28.700000
29.166000
29.651667
