0.300333
0.770000
1.264333
1.733333
2.194000
2.642333
3.147000
3.623667
4.103667
4.570667
5.066667
5.534667
5.990000
6.433000
6.924333
7.395333
7.881000
8.362000
8.835667
9.330333
9.790333
10.237333
10.703333
11.210000
11.683333
12.150333
12.610333
13.097000
13.557000
14.037000
14.510667
14.993667
15.463667
15.927333
16.377667
16.883667
17.360000
17.805000
18.263667
18.742667
19.217000
19.699000
20.167667
20.643667
21.120333
21.583333
22.063667
22.566667
23.027000
23.486667
23.950333
24.427667
24.901667
25.342333
25.830333
26.323333
26.783667
27.242333
27.707000
28.184000
28.650333
29.113333
29.587000
