0.253333
0.753333
1.190000
1.663667
2.147000
2.619000
3.114000
3.579667
4.069000
4.600333
5.073667
5.542667
6.026667
6.527000
6.996333
7.477000
7.954333
8.477000
8.936667
9.393333
9.886667
10.373333
10.865000
11.353333
11.820333
12.301000
12.802667
13.269333
13.786667
14.261333
14.743667
15.227333
15.703667
16.192333
16.661667
17.143000
17.631667
18.125000
18.602667
19.084667
19.556000
20.044000
20.542000
21.028667
21.530333
22.006333
22.473667
22.946667
23.423667
23.913667
24.400333
24.876667
25.376667
25.883333
26.357000
26.830000
27.293667
27.804333
28.277000
28.750000
29.263667
29.743667
