0.204667
0.741667
1.231333
1.748000
2.261000
2.728000
3.228000
3.721667
4.225000
4.721333
5.201667
5.704667
6.182333
6.701333
7.194667
7.699000
8.174667
8.698000
9.215000
9.771667
10.251333
10.728333
11.248000
11.771333
12.251667
12.748333
13.238000
13.761333
14.237667
14.714667
15.189000
15.691333
16.187667
16.678000
17.208000
17.744667
18.254333
18.738000
19.231333
19.741333
20.244667
20.734667
21.224667
21.735000
22.197333
22.698000
23.224667
23.714333
24.218000
24.718000
25.218000
25.714667
26.231333
26.734667
27.234667
27.734667
28.235000
28.751333
29.244667
29.755000
