0.151667
0.654667
1.152000
1.655000
2.140000
2.655000
3.175000
3.688333
4.202000
4.692333
5.205000
5.708333
6.191667
6.678333
7.178333
7.691667
8.195000
8.695000
9.201333
9.738333
10.208333
10.678333
11.188333
11.672333
12.161667
12.688333
13.181667
13.671667
14.168000
14.661667
15.165000
15.657333
16.172000
16.713667
17.208333
17.725000
18.255000
18.741667
19.239333
19.744667
20.198667
20.713667
21.224667
21.681667
22.168333
22.671667
23.161667
23.658333
24.178333
24.685000
25.181667
25.688333
26.151667
26.678000
27.167000
27.665000
28.155000
28.648333
29.148333
29.638333
